<?xml version="1.0" encoding="utf-8"?>
<COLLADA xmlns="http://www.collada.org/2005/11/COLLADASchema" version="1.4.1">
  <asset>
    <contributor>
      <authoring_tool>EskoArtwork Collada Exporter from Studio Toolkit 14.0.0 Build 500951</authoring_tool>
      <copyright>Copyright (c) 2014 Esko Software bvba</copyright>
    </contributor>
    <created>2014-10-30T02:10:36Z</created>
    <modified>2014-10-30T02:10:36Z</modified>
    <unit meter="0.001" name="mm"/>
    <up_axis>Y_UP</up_axis>
  </asset>
  <library_visual_scenes>
    <visual_scene id="TheScene" name="TheScene">
      <node id="xform_rigid0" name="xform_rigid0" type="NODE">
        <matrix>0.85150075 0 -0.52435344 16.697821 0 1 0 23.421957 0.52435344 0 0.85150075 -8.254921 0 0 0 1</matrix>
        <instance_node url="./Resources/Object0.dae#SceneRoot"/>
      </node>
      <node id="xform_rigid1" name="xform_rigid1" type="NODE">
        <matrix>0.85150075 0 -0.52435344 16.697821 0 1 0 23.421957 0.52435344 0 0.85150075 -8.254921 0 0 0 1</matrix>
        <instance_node url="./Resources/A1SteakSauce/A1SteakSauce.dae"/>
      </node>
      <node id="xform_rigid2" name="xform_rigid2" type="NODE">
        <matrix>0.22500004 0 0.97435874 -11.041251 0 1 0 0 -0.97435874 0 0.22500004 14.835218 0 0 0 1</matrix>
        <instance_node url="./Resources/Object2.dae#SceneRoot"/>
      </node>
    </visual_scene>
  </library_visual_scenes>
  <scene>
    <instance_visual_scene url="#TheScene"/>
  </scene>
</COLLADA>
